0.3000	1.777260
0.3010	1.781539
0.3020	1.785932
0.3030	1.790432
0.3040	1.795036
0.3050	1.799736
0.3060	1.804527
0.3070	1.809401
0.3080	1.814349
0.3090	1.819363
0.3100	1.824433
0.3110	1.829549
0.3120	1.834700
0.3130	1.839875
0.3140	1.845062
0.3150	1.850248
0.3160	1.855420
0.3170	1.860565
0.3180	1.865670
0.3190	1.870722
0.3200	1.875708
0.3210	1.880618
0.3220	1.885440
0.3230	1.890169
0.3240	1.894799
0.3250	1.899329
0.3260	1.903763
0.3270	1.908111
0.3280	1.912384
0.3290	1.916603
0.3300	1.920789
0.3310	1.924967
0.3320	1.929165
0.3330	1.933409
0.3340	1.937722
0.3350	1.942122
0.3360	1.946617
0.3370	1.951208
0.3380	1.955883
0.3390	1.960619
0.3400	1.965379
0.3410	1.970120
0.3420	1.974788
0.3430	1.979327
0.3440	1.983677
0.3450	1.987786
0.3460	1.991606
0.3470	1.995103
0.3480	1.998258
0.3490	2.001069
0.3500	2.003556
0.3510	2.005758
0.3520	2.007735
0.3530	2.009567
0.3540	2.011347
0.3550	2.013183
0.3560	2.015188
0.3570	2.017478
0.3580	2.020164
0.3590	2.023350
0.3600	2.027120
0.3610	2.031543
0.3620	2.036662
0.3630	2.042492
0.3640	2.049024
0.3650	2.056219
0.3660	2.064013
0.3670	2.072320
0.3680	2.081036
0.3690	2.090040
0.3700	2.099204
0.3710	2.108393
0.3720	2.117476
0.3730	2.126323
0.3740	2.134816
0.3750	2.142847
0.3760	2.150323
0.3770	2.157168
0.3780	2.163323
0.3790	2.168747
0.3800	2.173415
0.3810	2.177322
0.3820	2.180475
0.3830	2.182896
0.3840	2.184621
0.3850	2.185692
0.3860	2.186162
0.3870	2.186088
0.3880	2.185530
0.3890	2.184552
0.3900	2.183216
0.3910	2.181581
0.3920	2.179707
0.3930	2.177646
0.3940	2.175448
0.3950	2.173157
0.3960	2.170812
0.3970	2.168446
0.3980	2.166088
0.3990	2.163760
0.4000	2.161480
0.4010	2.159264
0.4020	2.157121
0.4030	2.155060
0.4040	2.153084
0.4050	2.151196
0.4060	2.149398
0.4070	2.147689
0.4080	2.146068
0.4090	2.144533
0.4100	2.143082
0.4110	2.141714
0.4120	2.140425
0.4130	2.139215
0.4140	2.138081
0.4150	2.137023
0.4160	2.136040
0.4170	2.135131
0.4180	2.134296
0.4190	2.133537
0.4200	2.132852
0.4210	2.132244
0.4220	2.131712
0.4230	2.131259
0.4240	2.130886
0.4250	2.130593
0.4260	2.130382
0.4270	2.130254
0.4280	2.130209
0.4290	2.130249
0.4300	2.130373
0.4310	2.130582
0.4320	2.130876
0.4330	2.131253
0.4340	2.131714
0.4350	2.132257
0.4360	2.132879
0.4370	2.133579
0.4380	2.134354
0.4390	2.135201
0.4400	2.136117
0.4410	2.137099
0.4420	2.138142
0.4430	2.139241
0.4440	2.140393
0.4450	2.141592
0.4460	2.142833
0.4470	2.144110
0.4480	2.145419
0.4490	2.146753
0.4500	2.148107
0.4510	2.149475
0.4520	2.150851
0.4530	2.152230
0.4540	2.153604
0.4550	2.154970
0.4560	2.156321
0.4570	2.157652
0.4580	2.158957
0.4590	2.160232
0.4600	2.161471
0.4610	2.162671
0.4620	2.163826
0.4630	2.164933
0.4640	2.165987
0.4650	2.166986
0.4660	2.167926
0.4670	2.168804
0.4680	2.169618
0.4690	2.170366
0.4700	2.171044
0.4710	2.171652
0.4720	2.172189
0.4730	2.172653
0.4740	2.173044
0.4750	2.173361
0.4760	2.173604
0.4770	2.173773
0.4780	2.173867
0.4790	2.173889
0.4800	2.173839
0.4810	2.173717
0.4820	2.173525
0.4830	2.173263
0.4840	2.172935
0.4850	2.172540
0.4860	2.172081
0.4870	2.171561
0.4880	2.170980
0.4890	2.170341
0.4900	2.169646
0.4910	2.168897
0.4920	2.168098
0.4930	2.167249
0.4940	2.166353
0.4950	2.165414
0.4960	2.164432
0.4970	2.163411
0.4980	2.162354
0.4990	2.161261
0.5000	2.160136
0.5010	2.158982
0.5020	2.157799
0.5030	2.156592
0.5040	2.155361
0.5050	2.154110
0.5060	2.152839
0.5070	2.151552
0.5080	2.150250
0.5090	2.148936
0.5100	2.147610
0.5110	2.146276
0.5120	2.144934
0.5130	2.143587
0.5140	2.142236
0.5150	2.140883
0.5160	2.139529
0.5170	2.138175
0.5180	2.136824
0.5190	2.135476
0.5200	2.134133
0.5210	2.132795
0.5220	2.131464
0.5230	2.130142
0.5240	2.128829
0.5250	2.127525
0.5260	2.126233
0.5270	2.124952
0.5280	2.123683
0.5290	2.122428
0.5300	2.121187
0.5310	2.119961
0.5320	2.118749
0.5330	2.117554
0.5340	2.116374
0.5350	2.115211
0.5360	2.114065
0.5370	2.112936
0.5380	2.111824
0.5390	2.110730
0.5400	2.109654
0.5410	2.108597
0.5420	2.107557
0.5430	2.106535
0.5440	2.105532
0.5450	2.104547
0.5460	2.103580
0.5470	2.102630
0.5480	2.101699
0.5490	2.100785
0.5500	2.099888
0.5510	2.099009
0.5520	2.098146
0.5530	2.097300
0.5540	2.096469
0.5550	2.095655
0.5560	2.094855
0.5570	2.094070
0.5580	2.093299
0.5590	2.092542
0.5600	2.091798
0.5610	2.091066
0.5620	2.090346
0.5630	2.089637
0.5640	2.088939
0.5650	2.088250
0.5660	2.087570
0.5670	2.086899
0.5680	2.086235
0.5690	2.085577
0.5700	2.084926
0.5710	2.084279
0.5720	2.083637
0.5730	2.082998
0.5740	2.082362
0.5750	2.081727
0.5760	2.081094
0.5770	2.080460
0.5780	2.079826
0.5790	2.079190
0.5800	2.078553
0.5810	2.077912
0.5820	2.077268
0.5830	2.076619
0.5840	2.075966
0.5850	2.075307
0.5860	2.074642
0.5870	2.073971
0.5880	2.073293
0.5890	2.072608
0.5900	2.071916
0.5910	2.071216
0.5920	2.070509
0.5930	2.069795
0.5940	2.069074
0.5950	2.068345
0.5960	2.067611
0.5970	2.066870
0.5980	2.066124
0.5990	2.065373
0.6000	2.064619
0.6010	2.063862
0.6020	2.063103
0.6030	2.062344
0.6040	2.061585
0.6050	2.060829
0.6060	2.060076
0.6070	2.059329
0.6080	2.058588
0.6090	2.057856
0.6100	2.057135
0.6110	2.056426
0.6120	2.055731
0.6130	2.055052
0.6140	2.054390
0.6150	2.053749
0.6160	2.053129
0.6170	2.052532
0.6180	2.051960
0.6190	2.051414
0.6200	2.050897
0.6210	2.050409
0.6220	2.049951
0.6230	2.049525
0.6240	2.049133
0.6250	2.048774
0.6260	2.048448
0.6270	2.048158
0.6280	2.047903
0.6290	2.047682
0.6300	2.047496
0.6310	2.047345
0.6320	2.047227
0.6330	2.047143
0.6340	2.047090
0.6350	2.047069
0.6360	2.047077
0.6370	2.047113
0.6380	2.047175
0.6390	2.047262
0.6400	2.047372
0.6410	2.047501
0.6420	2.047649
0.6430	2.047812
0.6440	2.047989
0.6450	2.048177
0.6460	2.048372
0.6470	2.048573
0.6480	2.048777
0.6490	2.048982
0.6500	2.049184
0.6510	2.049382
0.6520	2.049572
0.6530	2.049753
0.6540	2.049922
0.6550	2.050076
0.6560	2.050214
0.6570	2.050333
0.6580	2.050432
0.6590	2.050508
0.6600	2.050561
0.6610	2.050588
0.6620	2.050589
0.6630	2.050561
0.6640	2.050505
0.6650	2.050418
0.6660	2.050301
0.6670	2.050152
0.6680	2.049972
0.6690	2.049759
0.6700	2.049514
0.6710	2.049237
0.6720	2.048928
0.6730	2.048587
0.6740	2.048214
0.6750	2.047810
0.6760	2.047375
0.6770	2.046911
0.6780	2.046417
0.6790	2.045896
0.6800	2.045347
0.6810	2.044771
0.6820	2.044171
0.6830	2.043546
0.6840	2.042898
0.6850	2.042228
0.6860	2.041537
0.6870	2.040827
0.6880	2.040098
0.6890	2.039352
0.6900	2.038591
0.6910	2.037815
0.6920	2.037025
0.6930	2.036223
0.6940	2.035411
0.6950	2.034588
0.6960	2.033756
0.6970	2.032917
0.6980	2.032071
0.6990	2.031219
0.7000	2.030363
0.7010	2.029503
0.7020	2.028641
0.7030	2.027776
0.7040	2.026910
0.7050	2.026044
0.7060	2.025177
0.7070	2.024312
0.7080	2.023449
0.7090	2.022588
0.7100	2.021729
0.7110	2.020874
0.7120	2.020023
0.7130	2.019176
0.7140	2.018333
0.7150	2.017495
0.7160	2.016662
0.7170	2.015835
0.7180	2.015014
0.7190	2.014198
0.7200	2.013389
0.7210	2.012586
0.7220	2.011790
0.7230	2.011000
0.7240	2.010216
0.7250	2.009440
0.7260	2.008670
0.7270	2.007908
0.7280	2.007152
0.7290	2.006403
0.7300	2.005661
0.7310	2.004925
0.7320	2.004197
0.7330	2.003476
0.7340	2.002761
0.7350	2.002053
0.7360	2.001351
0.7370	2.000656
0.7380	1.999968
0.7390	1.999286
0.7400	1.998611
0.7410	1.997941
0.7420	1.997278
0.7430	1.996622
0.7440	1.995971
0.7450	1.995326
0.7460	1.994687
0.7470	1.994053
0.7480	1.993426
0.7490	1.992804
0.7500	1.992187
0.7510	1.991576
0.7520	1.990970
0.7530	1.990370
0.7540	1.989775
0.7550	1.989185
0.7560	1.988600
0.7570	1.988020
0.7580	1.987445
0.7590	1.986874
0.7600	1.986309
0.7610	1.985748
0.7620	1.985192
0.7630	1.984640
0.7640	1.984093
0.7650	1.983551
0.7660	1.983013
0.7670	1.982479
0.7680	1.981950
0.7690	1.981425
0.7700	1.980905
0.7710	1.980388
0.7720	1.979876
0.7730	1.979369
0.7740	1.978865
0.7750	1.978366
0.7760	1.977870
0.7770	1.977379
0.7780	1.976892
0.7790	1.976410
0.7800	1.975931
0.7810	1.975456
0.7820	1.974986
0.7830	1.974520
0.7840	1.974058
0.7850	1.973601
0.7860	1.973148
0.7870	1.972699
0.7880	1.972255
0.7890	1.971816
0.7900	1.971382
0.7910	1.970954
0.7920	1.970531
0.7930	1.970112
0.7940	1.969699
0.7950	1.969289
0.7960	1.968883
0.7970	1.968481
0.7980	1.968083
0.7990	1.967688
0.8000	1.967297
0.8010	1.966910
0.8020	1.966525
0.8030	1.966144
0.8040	1.965766
0.8050	1.965391
0.8060	1.965019
0.8070	1.964650
0.8080	1.964284
0.8090	1.963921
0.8100	1.963561
0.8110	1.963204
0.8120	1.962849
0.8130	1.962497
0.8140	1.962147
0.8150	1.961800
0.8160	1.961455
0.8170	1.961114
0.8180	1.960774
0.8190	1.960437
0.8200	1.960102
0.8210	1.959770
0.8220	1.959440
0.8230	1.959112
0.8240	1.958786
0.8250	1.958463
0.8260	1.958142
0.8270	1.957823
0.8280	1.957506
0.8290	1.957191
0.8300	1.956878
0.8310	1.956567
0.8320	1.956258
0.8330	1.955952
0.8340	1.955647
0.8350	1.955344
0.8360	1.955043
0.8370	1.954744
0.8380	1.954447
0.8390	1.954151
0.8400	1.953858
0.8410	1.953566
0.8420	1.953276
0.8430	1.952987
0.8440	1.952701
0.8450	1.952416
0.8460	1.952133
0.8470	1.951851
0.8480	1.951572
0.8490	1.951293
0.8500	1.951017
0.8510	1.950742
0.8520	1.950469
0.8530	1.950197
0.8540	1.949926
0.8550	1.949658
0.8560	1.949390
0.8570	1.949125
0.8580	1.948861
0.8590	1.948598
0.8600	1.948336
0.8610	1.948076
0.8620	1.947818
0.8630	1.947561
0.8640	1.947305
0.8650	1.947051
0.8660	1.946798
0.8670	1.946547
0.8680	1.946296
0.8690	1.946048
0.8700	1.945800
0.8710	1.945554
0.8720	1.945309
0.8730	1.945065
0.8740	1.944823
0.8750	1.944582
0.8760	1.944342
0.8770	1.944103
0.8780	1.943866
0.8790	1.943629
0.8800	1.943394
0.8810	1.943160
0.8820	1.942928
0.8830	1.942696
0.8840	1.942466
0.8850	1.942237
0.8860	1.942009
0.8870	1.941782
0.8880	1.941556
0.8890	1.941331
0.8900	1.941108
0.8910	1.940885
0.8920	1.940663
0.8930	1.940443
0.8940	1.940224
0.8950	1.940006
0.8960	1.939788
0.8970	1.939572
0.8980	1.939357
0.8990	1.939143
0.9000	1.938930
0.9010	1.938717
0.9020	1.938506
0.9030	1.938296
0.9040	1.938087
0.9050	1.937879
0.9060	1.937671
0.9070	1.937465
0.9080	1.937260
0.9090	1.937055
0.9100	1.936852
0.9110	1.936649
0.9120	1.936448
0.9130	1.936247
0.9140	1.936047
0.9150	1.935848
0.9160	1.935650
0.9170	1.935453
0.9180	1.935256
0.9190	1.935061
0.9200	1.934867
0.9210	1.934673
0.9220	1.934480
0.9230	1.934288
0.9240	1.934097
0.9250	1.933906
0.9260	1.933717
0.9270	1.933528
0.9280	1.933340
0.9290	1.933153
0.9300	1.932967
0.9310	1.932781
0.9320	1.932596
0.9330	1.932413
0.9340	1.932229
0.9350	1.932047
0.9360	1.931865
0.9370	1.931684
0.9380	1.931504
0.9390	1.931325
0.9400	1.931146
0.9410	1.930968
0.9420	1.930791
0.9430	1.930615
0.9440	1.930439
0.9450	1.930264
0.9460	1.930090
0.9470	1.929916
0.9480	1.929743
0.9490	1.929571
0.9500	1.929400
0.9510	1.929229
0.9520	1.929059
0.9530	1.928889
0.9540	1.928721
0.9550	1.928553
0.9560	1.928385
0.9570	1.928218
0.9580	1.928052
0.9590	1.927887
0.9600	1.927722
0.9610	1.927558
0.9620	1.927395
0.9630	1.927232
0.9640	1.927069
0.9650	1.926908
0.9660	1.926747
0.9670	1.926586
0.9680	1.926427
0.9690	1.926268
0.9700	1.926109
0.9710	1.925951
0.9720	1.925794
0.9730	1.925637
0.9740	1.925481
0.9750	1.925325
0.9760	1.925170
0.9770	1.925016
0.9780	1.924862
0.9790	1.924709
0.9800	1.924556
0.9810	1.924404
0.9820	1.924253
0.9830	1.924101
0.9840	1.923951
0.9850	1.923801
0.9860	1.923652
0.9870	1.923503
0.9880	1.923355
0.9890	1.923207
0.9900	1.923060
0.9910	1.922913
0.9920	1.922767
0.9930	1.922622
0.9940	1.922477
0.9950	1.922332
0.9960	1.922188
0.9970	1.922044
0.9980	1.921901
0.9990	1.921759
1.0000	1.921617
1.0025	1.921264
1.0050	1.920914
1.0075	1.920568
1.0100	1.920224
1.0125	1.919883
1.0150	1.919545
1.0175	1.919210
1.0200	1.918878
1.0225	1.918549
1.0250	1.918222
1.0275	1.917898
1.0300	1.917577
1.0325	1.917258
1.0350	1.916942
1.0375	1.916629
1.0400	1.916318
1.0425	1.916009
1.0450	1.915703
1.0475	1.915400
1.0500	1.915098
1.0525	1.914800
1.0550	1.914503
1.0575	1.914209
1.0600	1.913917
1.0625	1.913627
1.0650	1.913339
1.0675	1.913054
1.0700	1.912771
1.0725	1.912490
1.0750	1.912210
1.0775	1.911934
1.0800	1.911659
1.0825	1.911386
1.0850	1.911115
1.0875	1.910846
1.0900	1.910578
1.0925	1.910313
1.0950	1.910050
1.0975	1.909789
1.1000	1.909529
1.1025	1.909271
1.1050	1.909015
1.1075	1.908761
1.1100	1.908509
1.1125	1.908258
1.1150	1.908009
1.1175	1.907762
1.1200	1.907516
1.1225	1.907272
1.1250	1.907030
1.1275	1.906789
1.1300	1.906550
1.1325	1.906312
1.1350	1.906076
1.1375	1.905841
1.1400	1.905608
1.1425	1.905377
1.1450	1.905147
1.1475	1.904918
1.1500	1.904691
1.1525	1.904465
1.1550	1.904241
1.1575	1.904018
1.1600	1.903796
1.1625	1.903576
1.1650	1.903357
1.1675	1.903140
1.1700	1.902924
1.1725	1.902709
1.1750	1.902495
1.1775	1.902283
1.1800	1.902072
1.1825	1.901862
1.1850	1.901653
1.1875	1.901446
1.1900	1.901240
1.1925	1.901035
1.1950	1.900831
1.1975	1.900628
1.2000	1.900427