0.3000	0.589717
0.3010	0.592379
0.3020	0.594935
0.3030	0.597375
0.3040	0.599694
0.3050	0.601884
0.3060	0.603938
0.3070	0.605851
0.3080	0.607615
0.3090	0.609227
0.3100	0.610682
0.3110	0.611976
0.3120	0.613107
0.3130	0.614072
0.3140	0.614870
0.3150	0.615503
0.3160	0.615972
0.3170	0.616280
0.3180	0.616433
0.3190	0.616438
0.3200	0.616305
0.3210	0.616045
0.3220	0.615673
0.3230	0.615206
0.3240	0.614661
0.3250	0.614059
0.3260	0.613420
0.3270	0.612765
0.3280	0.612110
0.3290	0.611471
0.3300	0.610859
0.3310	0.610276
0.3320	0.609719
0.3330	0.609176
0.3340	0.608628
0.3350	0.608047
0.3360	0.607400
0.3370	0.606650
0.3380	0.605758
0.3390	0.604688
0.3400	0.603411
0.3410	0.601904
0.3420	0.600158
0.3430	0.598178
0.3440	0.595985
0.3450	0.593615
0.3460	0.591121
0.3470	0.588567
0.3480	0.586030
0.3490	0.583592
0.3500	0.581340
0.3510	0.579354
0.3520	0.577711
0.3530	0.576474
0.3540	0.575688
0.3550	0.575379
0.3560	0.575549
0.3570	0.576175
0.3580	0.577207
0.3590	0.578573
0.3600	0.580178
0.3610	0.581907
0.3620	0.583634
0.3630	0.585223
0.3640	0.586537
0.3650	0.587442
0.3660	0.587813
0.3670	0.587541
0.3680	0.586534
0.3690	0.584724
0.3700	0.582064
0.3710	0.578532
0.3720	0.574131
0.3730	0.568885
0.3740	0.562842
0.3750	0.556063
0.3760	0.548628
0.3770	0.540628
0.3780	0.532159
0.3790	0.523326
0.3800	0.514232
0.3810	0.504980
0.3820	0.495669
0.3830	0.486391
0.3840	0.477230
0.3850	0.468261
0.3860	0.459547
0.3870	0.451142
0.3880	0.443088
0.3890	0.435416
0.3900	0.428147
0.3910	0.421294
0.3920	0.414859
0.3930	0.408839
0.3940	0.403224
0.3950	0.397998
0.3960	0.393143
0.3970	0.388637
0.3980	0.384456
0.3990	0.380577
0.4000	0.376975
0.4010	0.373626
0.4020	0.370507
0.4030	0.367598
0.4040	0.364878
0.4050	0.362329
0.4060	0.359936
0.4070	0.357682
0.4080	0.355557
0.4090	0.353549
0.4100	0.351648
0.4110	0.349847
0.4120	0.348137
0.4130	0.346513
0.4140	0.344970
0.4150	0.343503
0.4160	0.342108
0.4170	0.340780
0.4180	0.339516
0.4190	0.338313
0.4200	0.337167
0.4210	0.336074
0.4220	0.335031
0.4230	0.334034
0.4240	0.333078
0.4250	0.332160
0.4260	0.331274
0.4270	0.330417
0.4280	0.329583
0.4290	0.328767
0.4300	0.327964
0.4310	0.327168
0.4320	0.326373
0.4330	0.325575
0.4340	0.324767
0.4350	0.323944
0.4360	0.323099
0.4370	0.322228
0.4380	0.321324
0.4390	0.320382
0.4400	0.319398
0.4410	0.318367
0.4420	0.317283
0.4430	0.316142
0.4440	0.314941
0.4450	0.313675
0.4460	0.312342
0.4470	0.310938
0.4480	0.309461
0.4490	0.307910
0.4500	0.306282
0.4510	0.304576
0.4520	0.302791
0.4530	0.300928
0.4540	0.298985
0.4550	0.296965
0.4560	0.294867
0.4570	0.292693
0.4580	0.290444
0.4590	0.288124
0.4600	0.285732
0.4610	0.283274
0.4620	0.280750
0.4630	0.278165
0.4640	0.275522
0.4650	0.272824
0.4660	0.270075
0.4670	0.267279
0.4680	0.264440
0.4690	0.261562
0.4700	0.258649
0.4710	0.255706
0.4720	0.252736
0.4730	0.249744
0.4740	0.246734
0.4750	0.243710
0.4760	0.240676
0.4770	0.237637
0.4780	0.234596
0.4790	0.231557
0.4800	0.228524
0.4810	0.225501
0.4820	0.222490
0.4830	0.219495
0.4840	0.216520
0.4850	0.213568
0.4860	0.210640
0.4870	0.207741
0.4880	0.204872
0.4890	0.202036
0.4900	0.199234
0.4910	0.196470
0.4920	0.193745
0.4930	0.191060
0.4940	0.188417
0.4950	0.185817
0.4960	0.183262
0.4970	0.180752
0.4980	0.178289
0.4990	0.175873
0.5000	0.173505
0.5010	0.171186
0.5020	0.168915
0.5030	0.166693
0.5040	0.164520
0.5050	0.162396
0.5060	0.160322
0.5070	0.158296
0.5080	0.156320
0.5090	0.154391
0.5100	0.152510
0.5110	0.150677
0.5120	0.148891
0.5130	0.147152
0.5140	0.145457
0.5150	0.143808
0.5160	0.142203
0.5170	0.140642
0.5180	0.139123
0.5190	0.137646
0.5200	0.136209
0.5210	0.134812
0.5220	0.133454
0.5230	0.132134
0.5240	0.130851
0.5250	0.129604
0.5260	0.128391
0.5270	0.127212
0.5280	0.126066
0.5290	0.124951
0.5300	0.123867
0.5310	0.122812
0.5320	0.121786
0.5330	0.120786
0.5340	0.119813
0.5350	0.118865
0.5360	0.117940
0.5370	0.117038
0.5380	0.116159
0.5390	0.115299
0.5400	0.114460
0.5410	0.113638
0.5420	0.112835
0.5430	0.112047
0.5440	0.111275
0.5450	0.110518
0.5460	0.109774
0.5470	0.109042
0.5480	0.108322
0.5490	0.107612
0.5500	0.106912
0.5510	0.106220
0.5520	0.105537
0.5530	0.104860
0.5540	0.104190
0.5550	0.103525
0.5560	0.102864
0.5570	0.102207
0.5580	0.101554
0.5590	0.100903
0.5600	0.100254
0.5610	0.099606
0.5620	0.098959
0.5630	0.098312
0.5640	0.097665
0.5650	0.097017
0.5660	0.096368
0.5670	0.095717
0.5680	0.095065
0.5690	0.094411
0.5700	0.093755
0.5710	0.093096
0.5720	0.092435
0.5730	0.091772
0.5740	0.091106
0.5750	0.090438
0.5760	0.089768
0.5770	0.089096
0.5780	0.088422
0.5790	0.087747
0.5800	0.087072
0.5810	0.086396
0.5820	0.085720
0.5830	0.085046
0.5840	0.084372
0.5850	0.083701
0.5860	0.083034
0.5870	0.082370
0.5880	0.081711
0.5890	0.081058
0.5900	0.080412
0.5910	0.079773
0.5920	0.079144
0.5930	0.078525
0.5940	0.077918
0.5950	0.077322
0.5960	0.076740
0.5970	0.076173
0.5980	0.075622
0.5990	0.075088
0.6000	0.074572
0.6010	0.074074
0.6020	0.073597
0.6030	0.073140
0.6040	0.072705
0.6050	0.072292
0.6060	0.071902
0.6070	0.071535
0.6080	0.071192
0.6090	0.070872
0.6100	0.070577
0.6110	0.070305
0.6120	0.070056
0.6130	0.069831
0.6140	0.069628
0.6150	0.069446
0.6160	0.069285
0.6170	0.069144
0.6180	0.069021
0.6190	0.068915
0.6200	0.068824
0.6210	0.068747
0.6220	0.068681
0.6230	0.068624
0.6240	0.068576
0.6250	0.068532
0.6260	0.068491
0.6270	0.068451
0.6280	0.068408
0.6290	0.068362
0.6300	0.068308
0.6310	0.068244
0.6320	0.068169
0.6330	0.068079
0.6340	0.067972
0.6350	0.067846
0.6360	0.067699
0.6370	0.067527
0.6380	0.067331
0.6390	0.067106
0.6400	0.066853
0.6410	0.066568
0.6420	0.066252
0.6430	0.065902
0.6440	0.065517
0.6450	0.065097
0.6460	0.064641
0.6470	0.064149
0.6480	0.063620
0.6490	0.063054
0.6500	0.062452
0.6510	0.061813
0.6520	0.061139
0.6530	0.060429
0.6540	0.059686
0.6550	0.058910
0.6560	0.058101
0.6570	0.057262
0.6580	0.056394
0.6590	0.055498
0.6600	0.054577
0.6610	0.053631
0.6620	0.052663
0.6630	0.051675
0.6640	0.050669
0.6650	0.049646
0.6660	0.048609
0.6670	0.047559
0.6680	0.046500
0.6690	0.045432
0.6700	0.044359
0.6710	0.043281
0.6720	0.042201
0.6730	0.041121
0.6740	0.040043
0.6750	0.038968
0.6760	0.037898
0.6770	0.036835
0.6780	0.035780
0.6790	0.034736
0.6800	0.033702
0.6810	0.032682
0.6820	0.031675
0.6830	0.030683
0.6840	0.029707
0.6850	0.028748
0.6860	0.027807
0.6870	0.026884
0.6880	0.025980
0.6890	0.025097
0.6900	0.024233
0.6910	0.023390
0.6920	0.022568
0.6930	0.021767
0.6940	0.020988
0.6950	0.020229
0.6960	0.019493
0.6970	0.018778
0.6980	0.018084
0.6990	0.017411
0.7000	0.016759
0.7010	0.016128
0.7020	0.015518
0.7030	0.014927
0.7040	0.014357
0.7050	0.013806
0.7060	0.013273
0.7070	0.012760
0.7080	0.012264
0.7090	0.011787
0.7100	0.011326
0.7110	0.010882
0.7120	0.010454
0.7130	0.010042
0.7140	0.009645
0.7150	0.009263
0.7160	0.008895
0.7170	0.008541
0.7180	0.008200
0.7190	0.007872
0.7200	0.007556
0.7210	0.007252
0.7220	0.006959
0.7230	0.006677
0.7240	0.006406
0.7250	0.006145
0.7260	0.005893
0.7270	0.005651
0.7280	0.005417
0.7290	0.005192
0.7300	0.004976
0.7310	0.004767
0.7320	0.004566
0.7330	0.004372
0.7340	0.004184
0.7350	0.004004
0.7360	0.003830
0.7370	0.003662
0.7380	0.003500
0.7390	0.003343
0.7400	0.003192
0.7410	0.003047
0.7420	0.002906
0.7430	0.002770
0.7440	0.002639
0.7450	0.002513
0.7460	0.002391
0.7470	0.002273
0.7480	0.002159
0.7490	0.002049
0.7500	0.001943
0.7510	0.001840
0.7520	0.001742
0.7530	0.001647
0.7540	0.001555
0.7550	0.001466
0.7560	0.001381
0.7570	0.001299
0.7580	0.001220
0.7590	0.001144
0.7600	0.001071
0.7610	0.001001
0.7620	0.000933
0.7630	0.000869
0.7640	0.000807
0.7650	0.000748
0.7660	0.000691
0.7670	0.000637
0.7680	0.000586
0.7690	0.000537
0.7700	0.000490
0.7710	0.000446
0.7720	0.000404
0.7730	0.000365
0.7740	0.000328
0.7750	0.000293
0.7760	0.000261
0.7770	0.000231
0.7780	0.000203
0.7790	0.000177
0.7800	0.000154
0.7810	0.000132
0.7820	0.000113
0.7830	0.000096
0.7840	0.000081
0.7850	0.000068
0.7860	0.000057
0.7870	0.000048
0.7880	0.000042
0.7890	0.000037
0.7900	0.000034
0.7910	0.000033
0.7920	0.000031
0.7930	0.000029
0.7940	0.000028
0.7950	0.000027
0.7960	0.000025
0.7970	0.000024
0.7980	0.000023
0.7990	0.000022
0.8000	0.000021
0.8010	0.000020
0.8020	0.000019
0.8030	0.000018
0.8040	0.000017
0.8050	0.000016
0.8060	0.000015
0.8070	0.000015
0.8080	0.000014
0.8090	0.000013
0.8100	0.000013
0.8110	0.000012
0.8120	0.000012
0.8130	0.000011
0.8140	0.000010
0.8150	0.000010
0.8160	0.000009
0.8170	0.000009
0.8180	0.000009
0.8190	0.000008
0.8200	0.000008
0.8210	0.000007
0.8220	0.000007
0.8230	0.000007
0.8240	0.000006
0.8250	0.000006
0.8260	0.000006
0.8270	0.000006
0.8280	0.000005
0.8290	0.000005
0.8300	0.000005
0.8310	0.000005
0.8320	0.000004
0.8330	0.000004
0.8340	0.000004
0.8350	0.000004
0.8360	0.000004
0.8370	0.000003
0.8380	0.000003
0.8390	0.000003
0.8400	0.000003
0.8410	0.000003
0.8420	0.000003
0.8430	0.000003
0.8440	0.000002
0.8450	0.000002
0.8460	0.000002
0.8470	0.000002
0.8480	0.000002
0.8490	0.000002
0.8500	0.000002
0.8510	0.000002
0.8520	0.000002
0.8530	0.000002
0.8540	0.000001
0.8550	0.000001
0.8560	0.000001
0.8570	0.000001
0.8580	0.000001
0.8590	0.000001
0.8600	0.000001
0.8610	0.000001
0.8620	0.000001
0.8630	0.000001
0.8640	0.000001
0.8650	0.000001
0.8660	0.000001
0.8670	0.000001
0.8680	0.000001
0.8690	0.000001
0.8700	0.000001
0.8710	0.000001
0.8720	0.000001
0.8730	0.000001
0.8740	0.000001
0.8750	0.000001
0.8760	0.000000
0.8770	0.000000
0.8780	0.000000
0.8790	0.000000
0.8800	0.000000
0.8810	0.000000
0.8820	0.000000
0.8830	0.000000
0.8840	0.000000
0.8850	0.000000
0.8860	0.000000
0.8870	0.000000
0.8880	0.000000
0.8890	0.000000
0.8900	0.000000
0.8910	0.000000
0.8920	0.000000
0.8930	0.000000
0.8940	0.000000
0.8950	0.000000
0.8960	0.000000
0.8970	0.000000
0.8980	0.000000
0.8990	0.000000
0.9000	0.000000
0.9010	0.000000
0.9020	0.000000
0.9030	0.000000
0.9040	0.000000
0.9050	0.000000
0.9060	0.000000
0.9070	0.000000
0.9080	0.000000
0.9090	0.000000
0.9100	0.000000
0.9110	0.000000
0.9120	0.000000
0.9130	0.000000
0.9140	0.000000
0.9150	0.000000
0.9160	0.000000
0.9170	0.000000
0.9180	0.000000
0.9190	0.000000
0.9200	0.000000
0.9210	0.000000
0.9220	0.000000
0.9230	0.000000
0.9240	0.000000
0.9250	0.000000
0.9260	0.000000
0.9270	0.000000
0.9280	0.000000
0.9290	0.000000
0.9300	0.000000
0.9310	0.000000
0.9320	0.000000
0.9330	0.000000
0.9340	0.000000
0.9350	0.000000
0.9360	0.000000
0.9370	0.000000
0.9380	0.000000
0.9390	0.000000
0.9400	0.000000
0.9410	0.000000
0.9420	0.000000
0.9430	0.000000
0.9440	0.000000
0.9450	0.000000
0.9460	0.000000
0.9470	0.000000
0.9480	0.000000
0.9490	0.000000
0.9500	0.000000
0.9510	0.000000
0.9520	0.000000
0.9530	0.000000
0.9540	0.000000
0.9550	0.000000
0.9560	0.000000
0.9570	0.000000
0.9580	0.000000
0.9590	0.000000
0.9600	0.000000
0.9610	0.000000
0.9620	0.000000
0.9630	0.000000
0.9640	0.000000
0.9650	0.000000
0.9660	0.000000
0.9670	0.000000
0.9680	0.000000
0.9690	0.000000
0.9700	0.000000
0.9710	0.000000
0.9720	0.000000
0.9730	0.000000
0.9740	0.000000
0.9750	0.000000
0.9760	0.000000
0.9770	0.000000
0.9780	0.000000
0.9790	0.000000
0.9800	0.000000
0.9810	0.000000
0.9820	0.000000
0.9830	0.000000
0.9840	0.000000
0.9850	0.000000
0.9860	0.000000
0.9870	0.000000
0.9880	0.000000
0.9890	0.000000
0.9900	0.000000
0.9910	0.000000
0.9920	0.000000
0.9930	0.000000
0.9940	0.000000
0.9950	0.000000
0.9960	0.000000
0.9970	0.000000
0.9980	0.000000
0.9990	0.000000
1.0000	0.000000
1.0025	0.000000
1.0050	0.000000
1.0075	0.000000
1.0100	0.000000
1.0125	0.000000
1.0150	0.000000
1.0175	0.000000
1.0200	0.000000
1.0225	0.000000
1.0250	0.000000
1.0275	0.000000
1.0300	0.000000
1.0325	0.000000
1.0350	0.000000
1.0375	0.000000
1.0400	0.000000
1.0425	0.000000
1.0450	0.000000
1.0475	0.000000
1.0500	0.000000
1.0525	0.000000
1.0550	0.000000
1.0575	0.000000
1.0600	0.000000
1.0625	0.000000
1.0650	0.000000
1.0675	0.000000
1.0700	0.000000
1.0725	0.000000
1.0750	0.000000
1.0775	0.000000
1.0800	0.000000
1.0825	0.000000
1.0850	0.000000
1.0875	0.000000
1.0900	0.000000
1.0925	0.000000
1.0950	0.000000
1.0975	0.000000
1.1000	0.000000
1.1025	0.000000
1.1050	0.000000
1.1075	0.000000
1.1100	0.000000
1.1125	0.000000
1.1150	0.000000
1.1175	0.000000
1.1200	0.000000
1.1225	0.000000
1.1250	0.000000
1.1275	0.000000
1.1300	0.000000
1.1325	0.000000
1.1350	0.000000
1.1375	0.000000
1.1400	0.000000
1.1425	0.000000
1.1450	0.000000
1.1475	0.000000
1.1500	0.000000
1.1525	0.000000
1.1550	0.000000
1.1575	0.000000
1.1600	0.000000
1.1625	0.000000
1.1650	0.000000
1.1675	0.000000
1.1700	0.000000
1.1725	0.000000
1.1750	0.000000
1.1775	0.000000
1.1800	0.000000
1.1825	0.000000
1.1850	0.000000
1.1875	0.000000
1.1900	0.000000
1.1925	0.000000
1.1950	0.000000
1.1975	0.000000
1.2000	0.000000