0.06981317007977318 0.0037654968017791744
0.06981317007977318 0.003930635661251628
0.06520655316027318 0.008553200002864216
0.03187917022288135 0.042021713749571935
0.021585797655402694 0.05202977474098023
0.015996998477431155 0.05738903990867727
0.012710268700864655 0.06081472134127824
0.01137476123628679 0.060409568626260395
0.008849300624933863 0.06048467258872844
0.005370420022052472 0.06145713530445974
0.003988039495975402 0.06217680709050679
0.0040174886766514255 0.06688254941589214
-0.017584117779369957 0.028841038574479352
-0.05924926996403732 -0.014360006105731914
-0.0648832078405272 -0.009219532509297086
-0.06593637165127869 -0.006194816189328843
-0.06737082799863892 -0.004742792692236212
-0.06602279120783078 -0.0060726276227777085
-0.06564811242340038 -0.0058173028728642495
-0.06667820177422792 -0.005464862294440698
-0.06260815198293407 -0.008023339911137212
-0.05752321941393074 -0.012321810278126288
-0.05259003238993772 -0.01602909404670817
-0.04855275077380554 -0.01965030398943808
-0.044676377818765205 -0.0227433721982473
-0.0402386029904771 -0.026766652905208785
-0.037127134088732305 -0.029895231471266503
-0.03560015762171042 -0.034536266379381314
-0.025746922814321182 -0.024177823940929856
-0.013760308570654993 -0.006599480860751353
0.006935456990246905 0.004219626287158185
0.017813146651894433 0.005978682655698888
0.026106362555617588 0.006564663132280022
0.03268083466500693 0.006268915658254076
0.0380436860145611 0.005576560642727196
0.04248941164773317 0.004518176715951658
0.04619057534653864 0.003117367532454174
0.048840609998719045 0.00237236766502974
0.0513910428075307 0.001865461890690763
0.0530025971182608 0.0016605535237615154
0.054514602259977535 0.0012864831192481302
0.05587008386618803 0.0009784071548439785
0.056932472542118674 0.0009921137127685692
0.05787945782810938 0.0012571188310580086
0.05799513246700658 0.001422680542920017
0.05654482710814897 -0.0008528767648289873
0.05518574692315598 -0.0031544884573205673
0.05301827016347667 -0.003652352444786327
0.049810559975358465 -0.0024598114618139336
0.04659280653758455 -0.0015601757309309204
0.043949574115023676 -0.00036621011980263185
0.04028475114164477 0.0014788452949343403
0.03610385737707686 0.0017002180870858176
0.03002850835448014 0.0033537713982084976
0.022675590519168 0.0026853901664844713
0.01644967199486513 0.001112939292569167
0.009633132911449108 0.0009733180713570912
0.0034483202373295817 8.718893468238204e-05
-0.0028411272306965276 -0.00013799749681008694
-0.008809966792047489 -0.0003894309310715459
-0.014637731925125517 -0.0005946607332100312
-0.020405200078783905 -0.0006010002175073671
-0.025603169021208138 -0.0005841987208244567
-0.029920776322930467 -0.0005667806652515407
-0.034985177759365826 -0.0006410601306817178
-0.04013760196717319 -0.00044922359613103896
-0.045006776946770945 -0.0002685617446005553
-0.04901919994013173 -1.1835429946142895e-05
-0.05202156602189841 -0.00018041314865151897
-0.05461524806720661 -0.0006453816552601105
-0.05684849020443995 -0.0003070250769449945
-0.05835520771527512 -0.00013635303297641899
-0.059364718215932026 -0.00017845820483312902
-0.0594822087411106 0.0008341812067513554
-0.058092085916295305 0.001945705303722331
-0.05566575553717411 0.0009291990563115998
-0.05303494305290413 0.0002133646100218635
-0.04982469426641181 -0.00036672787798006437
-0.0466326926827218 -0.0007425336748210706
-0.04380284319627255 -0.001229210535855816
-0.039779277252973484 -0.001140730972727013
-0.03495066985385985 -0.0009724528876563915
-0.029147233133959814 -0.0009022385380625386
-0.023867686556392292 -0.0005451865039188541
-0.018942081071281095 0.0003119731570925023
-0.011069960649560869 0.0007018394383827217
-0.003257465916754647 0.0015052771698483066
0.004720805307309921 0.002784204133932288
0.009329937763777716 0.001931807946563984
0.014928282697902903 0.0008441248671582652
0.020346559672971422 7.147219259363152e-06
0.02559972978522773 -0.0004585571458312829
0.030765790932800467 -0.000682968582586669
0.03571517620441543 -0.0007476263698417418
0.04030829423625231 -0.0007143042773495173
0.044457583524204786 -0.0006301169927787759
0.04810473632648313 -0.00019898371368650553
0.05077385533358819 0.0001249849489356053
0.052931680993213374 0.0001243497361607948
0.05436288705073711 0.0002309143824190743
